aphid_662451seq 1 626 1.00000000000000000000
aphid_662451seq 2 327 1.91437308868501529051
aphid_662451seq 3 231 2.70995670995670995670
aphid_662451seq 4 180 3.47777777777777777777
aphid_662451seq 5 151 4.14569536423841059602
aphid_662451seq 6 134 4.67164179104477611940
aphid_662451seq 7 124 5.04838709677419354838
aphid_662451seq 8 112 5.58928571428571428571
aphid_662451seq 9 103 6.07766990291262135922
aphid_662451seq 10 98 6.38775510204081632653
aphid_662451seq 11 91 6.87912087912087912087
aphid_662451seq 12 86 7.27906976744186046511
